41671451
41671452
41671453
41671454
41671455
41671461
41671463
41671464
41671466
41671467
41671523
41671533
41678152
41678153
41678176
41687718
41698325
41698326
41698327
41698328
41698329
41698345
41698346
41698347
41698381
41701953
41708831
41712200
41712203
41712229
41712234
41712877
41713471
41713473
41713474
41713786
41719493
41720427
41734361
41735603
41740078
41740088
41744290
41746621
41746629
41746630
41746633
41757686
41759038
41763609
41771248
41771252
41771275
41774876
41779972
41780642
41784981
41784985
41784988
41784992
41784993
41785446
41785894
41785895
41785896
41785903
41785905
41785906
41786248
41791006
41796592
41802242
41803464
41805420
41805422
41817514
41817515
41817522
41818638
41819113
41824924
41825116
41825119
41825121
41825127
41825128
41825129
41825130
41825134
41825136
41825137
41831466
41833903
41854586
41854592
41854603
41854624
41861260
41861269
41861833
